4352
1804
1804
1804
10
10
10
264
264
264
3842
3842
3842
264
264
264
3842
3842
3842
264
264
264
3842
3842
3842
264
264
264
3842
3842
3842
264
264
264
3842
3842
3842
264
264
264
3842
3842
3842
264
264
264
3842
3842
3842
264
264
264
3842
3842
3842
264
264
264
3842
3842
3842
264
264
264
3842
3842
3842
264
264
264
3842
3842
3842
264
264
264
3842
3842
3842
264
264
264
3842
3842
3842
264
264
264
3842
3842
3842
264
264
264
3842
3842
3842
264
264
264
3842
3842
3842
264
264
264
3842
3842
3842
264
264
264
3842
3842
3842
264
264
264
3842
3842
3842
264
264
264
3842
3842
3842
264
264
264
3842
3842
3842
264
264
264
3842
3842
3842
264
264
264
3842
3842
3842
264
264
264
3842
3842
3842
264
264
264
3842
3842
3842
264
264
264
3842
3842
3842
2062
2062
2062
4096
4096
4096
4096
4096
4096
4096
4096
4096
4096
4096
4096
4096
4096
4096
4096
4096
4096
4096
4096
4096
4096
4096
4096
4096
4096
4096
4096
4096
4096
4096
4096
4096
4096
4096
4096
4096
4096
4096
4096
4096
4096
4096
4096
4096
4096
4096
4096
4096
4096
4096
4096
4096
4096
4096
4096
4096
4096
4096
4096
4096
4096
4096
4096
4096
4096
4096
4096
4096
4096
4096
4096
4096
4096
4096
4096
4096
4096
4096
4096
4096
4096
4096
4096
4096
4096
4096
4096
4096
4096
